$ANSIBLE_VAULT;1.1;AES256
39636130306136643130396633616136333439626633353136393331326332633863353838636466
3732336238643532313666323737373030333931663030300a323037333130306264613066656538
37666461366463363534636665666531396139336665633331333065636465303838636236643237
3438373235373639340a306435336232306264623536666638333431326133346138343035653833
39666439383838626136336436623633303631313663396134656566303832613663613339336566
36353830356138366563643863316365646239623765383431396366336565646564616662326564
37393063616164323037613339333136663732616461633038333639386437356435376230653464
35303032383362636634336130633638626164663334653265326438663466626365666238323366
62363066623465313737313137653439306635623463376635663861663334383531353537303131
32663664346239623666346138396262313633656438386432623033666334623739613762346431
39386635376330653132636333313637633130343131383433313632633036373166366235366463
35613538626163643464653538336563376639303438323032653732363065396562343161613132
61333565613938643832306332326430613564663764653634303962623632376531323630393534
31336538643932356662356136333435633161336333313864656634303030663630373039333864
36373730303736653638643539633762653236323865653338323666346538653736343563353266
65616337623931616562316334626666346233666661376165383061323063333433663332386634
31326263326164386263653333376439643933303661373939623136346334383834656462346466
30633837616565616331333838373330643538326538343263356566343562623864306235316339
33353231363861353864616532353535356562316237616461316433656432353161333135386138
33646661643636343939373139343232663931316131646666343834626264663735633431376431
33376562346130336132376662663830393062363464366665336364626434316631323265393432
61343262323964373563323137396233393837306261633362323335616665326130633337643036
61383834326461336137613030616331656437663937636530613031343436353938643033326538
35393466666564363265653039333730313938366132313463336436393734616532373165303638
39353739306430663631643166653964383734333063346339613330336234316135396637323431
61306466663331663962306639393732336238313562663335363037626165376335393730613861
37643439393837636334303333646631396533376664646531343566653235666364363237643137
66346635386232383732626330646636386131643934653863623038333436613465656132653466
30653435653136323734313932623430386436323264363238373532313766646432366537373131
65363363646663616632636532646437306236313961656364643137343733343436343065626130
35393333343362323064313635656562633736366538633462326633303233626537313137643436
39373031646438343266643236303432386136396234613131313265643437396164343137323765
37316631613837646261353766613164626131376366333339323961326635646265643731376537
33376334386231623437333230336632613661383830383736363834636563646431366635323231
32323331653366396331633838316539316665666664393331616165376539386264653830623533
38316163666432353432663935636430643833653363643632643436636235643136333861393761
39396564373237383966323536663266323437623538383964623233333338616261323730643934
61353236663230383862366466643164633437333030613034363764323662333366323335656630
32353361393331396532643232613839616164616365643566633731353232623762346164363439
37666231636363373530636534366334323563616566626166343831356530616130383762343562
31353033656364323763306365316435393431626163656639336631366439613730643637343262
37663331306461393465323833353336366539346264343763623234653437376133373036316131
61663133373639303636393335346566623233613536633963303562636562313839643838323735
65376431636232383630383233386230336532306630626634303430346563653634663839313937
64303336316233383765373436343637323532633634303762383731643066306462663533376666
62353534633138396132376261373032633261383135623634616266333033356235633865353761
66646439613035326562303634663662326333613239303636373537616439626635663738643734
35623866333737393561353464343966333862616330623931396534373961386261663931643062
32376533616165396364333933643132313932323938643565313935613830383137356362613531
64356465623362353364376432643139313534313830343837653163336437623766306463643238
66663039663339303839383731373935333433646461373061643061666635396433376463333032
65396366613430613931
